% # columns="iteration, evaluation, sigma, axis ratio, bestever, best, median, worst objective function value, interquartile range, further/more values", seed=1070077, Thu Aug 29 15:19:32 2024, <python>{}</python>
1 10 0.490472733235956 1.0000470599308133 0.21845261752605438 2.1845261752605438e-01 0.22330397367477417 0.22665387392044067 0.005220934748649597   
2 20 0.48954989474564986 1.1572605819105837 0.216019868850708 2.1601986885070801e-01 0.21902498602867126 0.22261464595794678 0.002054870128631592   
3 30 0.5106926365512646 1.2010493047913233 0.21572047472000122 2.1572047472000122e-01 0.21891772747039795 0.221165731549263 0.0026003271341323853   
4 40 0.5525971512139748 1.269667810676845 0.2136038839817047 2.1360388398170471e-01 0.21538692712783813 0.21748624742031097 0.0011731833219528198   
5 50 0.6277231617285494 1.3185959861843162 0.20423147082328796 2.0423147082328796e-01 0.21384140849113464 0.21853670477867126 0.008276239037513733   
6 60 0.7028446701219958 1.3513529269909412 0.20423147082328796 2.0463663339614868e-01 0.208499014377594 0.21401742100715637 0.006576672196388245   
7 70 0.7961059613447404 1.3632195712431243 0.20205190777778625 2.0205190777778625e-01 0.20662075281143188 0.21046380698680878 0.005611062049865723   
8 80 0.8774473313159258 1.4005103942188004 0.1995835304260254 1.9958353042602539e-01 0.20491155982017517 0.2102261334657669 0.0032167136669158936   
9 90 0.9736566184984957 1.3781044039227253 0.19448332488536835 1.9448332488536835e-01 0.20233693718910217 0.20913919806480408 0.00522477924823761   
10 100 1.0980816596638088 1.382238025886616 0.18882277607917786 1.8882277607917786e-01 0.1956021934747696 0.2067440003156662 0.0024939626455307007   
11 110 1.2168751537331393 1.4000673484454664 0.18355566263198853 1.8355566263198853e-01 0.19353970885276794 0.19860419631004333 0.005225181579589844   
12 120 1.3545818934905418 1.4072448643513769 0.18066316843032837 1.8066316843032837e-01 0.18762226402759552 0.19575004279613495 0.008000537753105164   
13 130 1.4950580355596357 1.3882105896449186 0.1687362790107727 1.6873627901077271e-01 0.1885862499475479 0.1955758035182953 0.006544619798660278   
14 140 1.6152242326604853 1.4055118892682619 0.1654433012008667 1.6544330120086670e-01 0.1785590946674347 0.1832822859287262 0.006975129246711731   
15 150 1.7546049092675697 1.4411187541432628 0.16053639352321625 1.6053639352321625e-01 0.1758449226617813 0.19280299544334412 0.01962125301361084   
16 160 1.8801307356682913 1.4700786073909629 0.140182226896286 1.4018222689628601e-01 0.1677306443452835 0.18410709500312805 0.024921804666519165   
17 170 1.934618067913771 1.489161792354014 0.13594016432762146 1.3594016432762146e-01 0.15615223348140717 0.1799560785293579 0.013239264488220215   
18 180 1.9435073018472002 1.4943602472379307 0.13594016432762146 1.3971124589443207e-01 0.15119241178035736 0.158897265791893 0.011542826890945435   
19 190 1.941422255721949 1.4607453193540378 0.133854940533638 1.3385494053363800e-01 0.15432269871234894 0.17046621441841125 0.016336441040039062   
20 200 1.9676296275436223 1.4744883191295393 0.13006214797496796 1.3006214797496796e-01 0.15464141964912415 0.16720688343048096 0.025355219841003418   
21 210 2.0157603064120115 1.4787312224297147 0.13006214797496796 1.3157194852828979e-01 0.14888888597488403 0.15378737449645996 0.011252254247665405   
22 220 2.002871548443093 1.5047894923888026 0.12749657034873962 1.2749657034873962e-01 0.15578985214233398 0.16383396089076996 0.013238832354545593   
23 230 1.965065582380708 1.5473675361864543 0.12498676031827927 1.2498676031827927e-01 0.14213740825653076 0.1691749393939972 0.022192567586898804   
24 240 1.9383465069322372 1.5410849203946704 0.12498676031827927 1.2509173154830933e-01 0.15328264236450195 0.1616296023130417 0.02484007179737091   
25 250 1.8699258452130654 1.5987085675418031 0.11895247548818588 1.1895247548818588e-01 0.14823859930038452 0.16291767358779907 0.02093563973903656   
26 260 1.8256557273453085 1.6220589170213298 0.11895247548818588 1.2213110178709030e-01 0.1421615034341812 0.1498156189918518 0.013207927346229553   
27 270 1.8251366847169046 1.6347300840185648 0.11270087957382202 1.1270087957382202e-01 0.13693688809871674 0.14473691582679749 0.015494748950004578   
28 280 1.8759996804130186 1.6388288922854364 0.11270087957382202 1.1950631439685822e-01 0.13756969571113586 0.15824556350708008 0.01589176058769226   
29 290 1.8119789131750825 1.7128687904529354 0.11270087957382202 1.2786890566349030e-01 0.14022183418273926 0.15099316835403442 0.014471828937530518   
30 300 1.8608336264281433 1.745674360402727 0.11270087957382202 1.1736877262592316e-01 0.13747207820415497 0.15817761421203613 0.01761452853679657   
31 310 2.0259335305016815 1.7337255794572142 0.10373269021511078 1.0373269021511078e-01 0.13555769622325897 0.15510426461696625 0.01697574555873871   
32 320 2.0406793182026464 1.7866837600738497 0.09271551668643951 9.2715516686439514e-02 0.11821247637271881 0.16133329272270203 0.021392345428466797   
33 330 1.9883003625123417 1.8235302984801973 0.09271551668643951 9.7391359508037567e-02 0.13817986845970154 0.14572976529598236 0.02735239267349243   
34 340 1.9934363029356628 1.8683165316629302 0.09271551668643951 9.6143275499343872e-02 0.1256912350654602 0.1358197033405304 0.01880822330713272   
35 350 1.9598746329218806 1.9018581373986694 0.09271551668643951 1.0743965208530426e-01 0.11812790483236313 0.14475879073143005 0.01470986008644104   
36 360 1.89848147358962 1.8988442916944308 0.08578820526599884 8.5788205265998840e-02 0.11483752727508545 0.1399463266134262 0.03391024470329285   
37 370 1.851021960250261 1.8503945813618983 0.08578820526599884 9.8525375127792358e-02 0.12204927206039429 0.13869759440422058 0.025014199316501617   
38 380 1.7650443398297788 1.8723857113099955 0.07919874787330627 7.9198747873306274e-02 0.10468238592147827 0.1380089521408081 0.01742902398109436   
39 390 1.763571673777348 1.8740525387364873 0.07919874787330627 9.7863912582397461e-02 0.11341468244791031 0.13197770714759827 0.012682013213634491   
40 400 1.7815939879102318 1.8534106213473578 0.07919874787330627 1.0487952828407288e-01 0.11923126131296158 0.13779357075691223 0.02694930136203766   
41 410 1.8324717919393994 1.8516780918388587 0.07919874787330627 9.0883523225784302e-02 0.11332409828901291 0.1442449986934662 0.024813517928123474   
42 420 1.8777867706272158 1.8922691018351994 0.07919874787330627 9.7981527447700500e-02 0.11347703635692596 0.14724479615688324 0.03160841017961502   
43 430 1.8483565261904507 1.8950249513286708 0.07919874787330627 1.0062336921691895e-01 0.12144699692726135 0.1373782753944397 0.024650216102600098   
44 440 1.7493244943145232 1.8970671645642563 0.07919874787330627 8.6733885109424591e-02 0.12226634472608566 0.14777903258800507 0.021072685718536377   
45 450 1.6305778745553323 1.9184578614153833 0.07919874787330627 9.7460374236106873e-02 0.11306150257587433 0.13100565969944 0.012477368116378784   
46 460 1.5034036981728864 1.920479656671249 0.07919874787330627 8.2948923110961914e-02 0.11821958422660828 0.1335059404373169 0.037429630756378174   
47 470 1.416485363715821 1.9354652724690884 0.07919874787330627 7.9849518835544586e-02 0.10477519780397415 0.11843235790729523 0.012232214212417603   
48 480 1.3855720291879414 1.9452968535506663 0.07919874787330627 8.1993572413921356e-02 0.10862414538860321 0.12906917929649353 0.02515372633934021   
49 490 1.373150003045889 1.9723604055768826 0.07408462464809418 7.4084624648094177e-02 0.10636530816555023 0.12780751287937164 0.02321012318134308   
50 500 1.3359006061007923 2.0408826686528254 0.07408462464809418 8.3467841148376465e-02 0.09823387861251831 0.12536954879760742 0.009580850601196289   
51 510 1.2490743413098861 2.0239894070484645 0.07408462464809418 7.5580686330795288e-02 0.1003565788269043 0.11140599846839905 0.019091814756393433   
52 520 1.201762747170308 2.032692073351227 0.063243567943573 6.3243567943572998e-02 0.09206187725067139 0.10978114604949951 0.023366570472717285   
53 530 1.1653207794756264 2.0538113813720758 0.063243567943573 7.0527359843254089e-02 0.08133484423160553 0.08705325424671173 0.009149685502052307   
54 540 1.164702811626101 2.048835043276738 0.063243567943573 6.5871402621269226e-02 0.08992588520050049 0.09843315184116364 0.020710520446300507   
55 550 1.1495538537442611 2.068315202596495 0.063243567943573 7.2473108768463135e-02 0.08722321689128876 0.10203824937343597 0.012878596782684326   
56 560 1.1472148515009772 2.053247909062603 0.063243567943573 6.8739138543605804e-02 0.07881275564432144 0.08900056034326553 0.005888774991035461   
57 570 1.1641946472025753 2.0289869157618314 0.063243567943573 7.2395563125610352e-02 0.08221332728862762 0.11258550733327866 0.015524700284004211   
58 580 1.1431243300628258 2.0083217895774945 0.063243567943573 6.5022915601730347e-02 0.08849330246448517 0.10185675323009491 0.010412715375423431   
59 590 1.1376565219749908 2.021455460665057 0.054249078035354614 5.4249078035354614e-02 0.0802263393998146 0.10034310072660446 0.012832708656787872   
60 600 1.1240145201359801 2.0222550455704416 0.054249078035354614 6.7237131297588348e-02 0.0711798146367073 0.08574946969747543 0.007863014936447144   
61 610 1.0769662314987496 2.041127984700862 0.054249078035354614 6.6996641457080841e-02 0.08203493058681488 0.09783166646957397 0.018134020268917084   
62 620 1.0189656899726691 2.08237847430545 0.054249078035354614 6.5644621849060059e-02 0.082741379737854 0.09913237392902374 0.020290546119213104   
63 630 0.9782686158227939 2.1313898995227865 0.054249078035354614 5.9305425733327866e-02 0.07447406649589539 0.09039890021085739 0.0127214714884758   
64 640 0.9509976244857739 2.15481462162422 0.054249078035354614 5.5732358247041702e-02 0.06974449753761292 0.08656559884548187 0.01386900246143341   
65 650 0.912939406601617 2.1864040668745557 0.054249078035354614 6.1394196003675461e-02 0.07928502559661865 0.08693154901266098 0.016894549131393433   
66 660 0.8833708060790025 2.1974681000664518 0.054249078035354614 5.4328821599483490e-02 0.06835714727640152 0.08669156581163406 0.011933684349060059   
67 670 0.848200373056765 2.256201620350343 0.054249078035354614 5.5367596447467804e-02 0.0670686811208725 0.07597725838422775 0.012509070336818695   
68 680 0.8256007531306451 2.263565972140376 0.054249078035354614 5.9326030313968658e-02 0.06422068178653717 0.07043503224849701 0.007439743727445602   
69 690 0.8072178769463293 2.2533208904622124 0.05375586450099945 5.3755864500999451e-02 0.06457923352718353 0.07355794310569763 0.012837830930948257   
70 700 0.7571789704645379 2.274200551475488 0.05144767835736275 5.1447678357362747e-02 0.06493604183197021 0.07154491543769836 0.007421247661113739   
71 710 0.7315797010789871 2.2863396336009547 0.05144767835736275 5.5492877960205078e-02 0.06923281401395798 0.08396182209253311 0.010250687599182129   
72 720 0.7251772328033522 2.2896941351242908 0.05144767835736275 5.5756751447916031e-02 0.06253036111593246 0.07181879132986069 0.0030586645007133484   
73 730 0.7109150519838527 2.293190939175609 0.05144767835736275 5.2426520735025406e-02 0.06291491538286209 0.07483833283185959 0.012444518506526947   
74 740 0.6919788420788671 2.3283232704334624 0.05144767835736275 5.5511772632598877e-02 0.0626317709684372 0.0692066177725792 0.0067154765129089355   
75 750 0.6471003172122288 2.347533051098925 0.05144767835736275 5.4886251688003540e-02 0.0600387379527092 0.06920184195041656 0.00956261157989502   
76 760 0.6106462954040135 2.367149869596439 0.05144767835736275 5.5053777992725372e-02 0.06017272174358368 0.06441133469343185 0.004225127398967743   
77 770 0.582602512093904 2.4068393782430086 0.050258129835128784 5.0258129835128784e-02 0.06251910328865051 0.06865794956684113 0.007583498954772949   
78 780 0.5763970811870182 2.4408017385719125 0.050258129835128784 5.0304651260375977e-02 0.05643918365240097 0.06641964614391327 0.007125403732061386   
79 790 0.566075174235619 2.462827063021914 0.04937862232327461 4.9378622323274612e-02 0.05934970825910568 0.06830789893865585 0.009534668177366257   
80 800 0.5606318669069223 2.5029579322200335 0.0489959716796875 4.8995971679687500e-02 0.05703886225819588 0.06416816264390945 0.00519527867436409   
81 810 0.5372234448032871 2.491887440480753 0.0489959716796875 4.9389138817787170e-02 0.054659560322761536 0.059996746480464935 0.005280438810586929   
82 820 0.5088561323831524 2.5012262407308716 0.04807879775762558 4.8078797757625580e-02 0.05324188619852066 0.05830680951476097 0.004585482180118561   
83 830 0.5060912995879322 2.5302952162796086 0.0444016233086586 4.4401623308658600e-02 0.054240331053733826 0.05942372977733612 0.007926825433969498   
84 840 0.4900459056522269 2.5760832966993967 0.0444016233086586 4.7366779297590256e-02 0.05086642503738403 0.05932726338505745 0.00608430802822113   
85 850 0.46803152081200144 2.6045438813486768 0.0444016233086586 4.6166107058525085e-02 0.05190667510032654 0.06102999672293663 0.005155075341463089   
86 860 0.4536880359796364 2.6338614570560446 0.0444016233086586 4.6387851238250732e-02 0.051715388894081116 0.05838294327259064 0.004058130085468292   
87 870 0.4238884526751433 2.6812748575294907 0.0444016233086586 4.5301944017410278e-02 0.05150343477725983 0.06042742356657982 0.0048722997307777405   
88 880 0.3817580724502563 2.6911691637741058 0.0444016233086586 4.7685492783784866e-02 0.050747133791446686 0.05454564839601517 0.002070177346467972   
89 890 0.35300657078281494 2.7017661765366365 0.0444016233086586 4.7629334032535553e-02 0.05169641971588135 0.054614294320344925 0.004085976630449295   
90 900 0.321558693275264 2.761823213861607 0.04402898624539375 4.4028986245393753e-02 0.05002845078706741 0.05529586225748062 0.003931991755962372   
91 910 0.30633057552514137 2.7868247335035514 0.04315871372818947 4.3158713728189468e-02 0.0491703525185585 0.05164896696805954 0.006622515618801117   
92 920 0.3057979847000733 2.7773808927011014 0.04315871372818947 4.6025209128856659e-02 0.04803226888179779 0.0490269735455513 0.0020112767815589905   
93 930 0.2855473208741809 2.7894462217523364 0.04311399161815643 4.3113991618156433e-02 0.04749114066362381 0.05241866037249565 0.0038182176649570465   
94 940 0.2729786924764442 2.7979949774206365 0.04311399161815643 4.3157182633876801e-02 0.04556211456656456 0.05077739059925079 0.004551246762275696   
95 950 0.26783924677303156 2.7826398316296195 0.040120355784893036 4.0120355784893036e-02 0.04663578420877457 0.049471136182546616 0.0032023973762989044   
96 960 0.26028070850327545 2.7965625562020455 0.040120355784893036 4.2476743459701538e-02 0.04415607824921608 0.050597403198480606 0.0012757480144500732   
97 970 0.25169874311249474 2.7786600853408228 0.03906884044408798 3.9068840444087982e-02 0.043503616005182266 0.048675429075956345 0.0038158483803272247   
98 980 0.24747971782043382 2.753779563773807 0.03906884044408798 4.0665090084075928e-02 0.04323647916316986 0.04550011456012726 0.0008947886526584625   
99 990 0.2352238255385123 2.781070982715746 0.03906884044408798 3.9439745247364044e-02 0.04309999942779541 0.047778185456991196 0.001819416880607605   
100 1000 0.22424639894790654 2.8495168207509654 0.03906884044408798 3.9472773671150208e-02 0.04347516596317291 0.04603225365281105 0.00296827033162117   
101 1010 0.2128316184744134 2.8856594496372394 0.03906884044408798 4.0293954312801361e-02 0.043379660695791245 0.04506557434797287 0.0023954547941684723   
102 1020 0.2005210065836679 2.925951076885051 0.03906884044408798 3.9371326565742493e-02 0.042350802570581436 0.04561206325888634 0.0020316317677497864   
103 1030 0.18973458979805963 2.9812820725302402 0.038791459053754807 3.8791459053754807e-02 0.04301385581493378 0.045682042837142944 0.0030273012816905975   
104 1040 0.1825129173113401 3.058841572072696 0.038791459053754807 3.9187192916870117e-02 0.042209193110466 0.043449461460113525 0.001361999660730362   
105 1050 0.16701603343649266 3.0902133141479067 0.038791459053754807 3.9028331637382507e-02 0.040718063712120056 0.04395623132586479 0.002584267407655716   
106 1060 0.15435034516380317 3.1092468726109352 0.03840892016887665 3.8408920168876648e-02 0.04018034785985947 0.041922129690647125 0.0020369887351989746   
107 1070 0.14620748711400058 3.08997110312818 0.037281185388565063 3.7281185388565063e-02 0.039419181644916534 0.04176664352416992 0.0028429552912712097   
108 1080 0.14029439819331882 3.077816700732366 0.03692992404103279 3.6929924041032791e-02 0.03875349089503288 0.041064292192459106 0.0004202723503112793   
109 1090 0.1398001966950834 3.096463964410528 0.03692992404103279 3.7910506129264832e-02 0.039876051247119904 0.04271937906742096 0.0030669942498207092   
110 1100 0.13745015855873735 3.1851015450222535 0.03692992404103279 3.7637736648321152e-02 0.03943590819835663 0.04089212045073509 0.0011745467782020569   
111 1110 0.12957692299162468 3.1950460265234177 0.03692992404103279 3.7301048636436462e-02 0.038771484047174454 0.0407867506146431 0.0019302256405353546   
112 1120 0.12253861330603115 3.1548407087834396 0.03630267456173897 3.6302674561738968e-02 0.03918345272541046 0.044254120439291 0.003084581345319748   
113 1130 0.11656664253169031 3.2281556789674726 0.03630267456173897 3.6315269768238068e-02 0.03792595863342285 0.039791401475667953 0.0014822222292423248   
114 1140 0.11418557340242139 3.2291899335289407 0.03630267456173897 3.7312395870685577e-02 0.03888712823390961 0.04021405801177025 0.001563437283039093   
115 1150 0.11252025477028615 3.3181577725759728 0.03630267456173897 3.6350738257169724e-02 0.03795403987169266 0.03970117121934891 0.0010297782719135284   
116 1160 0.10714578064964653 3.329019310243084 0.036229878664016724 3.6229878664016724e-02 0.036849334836006165 0.038484152406454086 0.000965900719165802   
117 1170 0.10643305096997244 3.358037608879987 0.03515277057886124 3.5152770578861237e-02 0.03760838136076927 0.0386723056435585 0.0009912662208080292   
118 1180 0.1033560268238304 3.359866233591564 0.03515277057886124 3.5980619490146637e-02 0.03745837137103081 0.03959687799215317 0.0011460371315479279   
119 1190 0.10253367749121604 3.3900534663327573 0.03515277057886124 3.5769723355770111e-02 0.03700220212340355 0.03843742236495018 0.0019521042704582214   
120 1200 0.10263580148100077 3.522011801651069 0.03515277057886124 3.6562532186508179e-02 0.037269093096256256 0.0386783704161644 0.0012644194066524506   
121 1210 0.10370668303567389 3.539627872854019 0.03515277057886124 3.6015570163726807e-02 0.037212446331977844 0.038978226482868195 0.0011525265872478485   
122 1220 0.10278262665801861 3.530051185778391 0.03515277057886124 3.5829469561576843e-02 0.03823250159621239 0.04010205715894699 0.0016569532454013824   
123 1230 0.09888458049971749 3.643943815295387 0.03515277057886124 3.6405652761459351e-02 0.03823744133114815 0.038930200040340424 0.0011770166456699371   
124 1240 0.0955822195397358 3.6887462792555894 0.03515277057886124 3.6539245396852493e-02 0.037952542304992676 0.0390007421374321 0.0014151334762573242   
125 1250 0.09498882996195201 3.7717532231978037 0.03515277057886124 3.5375963896512985e-02 0.037926822900772095 0.03885955363512039 0.0013384148478507996   
126 1260 0.09415666613947747 3.7886382060342045 0.03470892459154129 3.4708924591541290e-02 0.03718595951795578 0.03775084763765335 0.0012511275708675385   
127 1270 0.09260425372496389 3.8387009783470494 0.03470892459154129 3.5498738288879395e-02 0.03646481782197952 0.03724788874387741 0.0011251568794250488   
128 1280 0.08866830266116986 3.850400093268548 0.03470892459154129 3.6392889916896820e-02 0.037014190107584 0.03815983980894089 0.0005873776972293854   
129 1290 0.08561892234125067 3.8518070708493926 0.03470892459154129 3.5498581826686859e-02 0.036247000098228455 0.037790827453136444 0.001634649932384491   
130 1300 0.08488692391405024 3.8547276268363406 0.03470892459154129 3.5269409418106079e-02 0.03716878965497017 0.03794356435537338 0.0014586225152015686   
131 1310 0.08227281189850538 3.923074188127779 0.03470892459154129 3.5664483904838562e-02 0.03704600781202316 0.037721410393714905 0.0014093853533267975   
132 1320 0.0792400483215189 3.9725283537038507 0.03470892459154129 3.5695478320121765e-02 0.03648790344595909 0.03774531930685043 0.00047317519783973694   
133 1330 0.07658212334284556 3.945237672049985 0.03470892459154129 3.5132162272930145e-02 0.03669590502977371 0.037532739341259 0.0008610822260379791   
134 1340 0.074433071188251 3.9507983732217022 0.03470892459154129 3.4917850047349930e-02 0.03651151433587074 0.037100523710250854 0.0013163909316062927   
135 1350 0.07163691925583851 3.9642933312490247 0.03470892459154129 3.5021767020225525e-02 0.03616558015346527 0.03685756027698517 0.0012398436665534973   
136 1360 0.0707785599247746 4.021910603589626 0.03470892459154129 3.4883446991443634e-02 0.03587318956851959 0.037691615521907806 0.0008573420345783234   
137 1370 0.06792504383168103 4.017398739032213 0.03470892459154129 3.4894321113824844e-02 0.0361194908618927 0.03805012255907059 0.0010326169431209564   
138 1380 0.0652904568860316 3.999703947283798 0.03470892459154129 3.5036262124776840e-02 0.03562187775969505 0.037853874266147614 0.0013349764049053192   
139 1390 0.06190749014979678 4.03177899301566 0.03470892459154129 3.4893602132797241e-02 0.035701386630535126 0.03688722476363182 0.0010498948395252228   
140 1400 0.061814851937759235 4.032563250394885 0.03470892459154129 3.5106450319290161e-02 0.03562082350254059 0.0360863022506237 0.0008711293339729309   
141 1410 0.06260493464204558 4.014360019311182 0.03470892459154129 3.4823574125766754e-02 0.03565998375415802 0.03649098426103592 0.000597786158323288   
142 1420 0.06238362622099416 4.05935526236957 0.03470892459154129 3.4802019596099854e-02 0.035857103765010834 0.03649264574050903 0.0008963868021965027   
143 1430 0.061731186137748945 4.112730692303928 0.03461584076285362 3.4615840762853622e-02 0.036068908870220184 0.03699855878949165 0.0007773116230964661   
144 1440 0.05934049394829196 4.213555568207027 0.03461584076285362 3.4703604876995087e-02 0.03550729528069496 0.03665676340460777 0.0006289482116699219   
145 1450 0.058059324993494074 4.237647361364523 0.034608304500579834 3.4608304500579834e-02 0.035492416471242905 0.03650075942277908 0.00036396458745002747   
146 1460 0.055737905068221225 4.305834527356022 0.034390754997730255 3.4390754997730255e-02 0.03536641597747803 0.035936128348112106 0.0005341358482837677   
147 1470 0.053571518032823166 4.466493723812862 0.034390754997730255 3.4600861370563507e-02 0.03534664213657379 0.03612499684095383 0.0006366260349750519   
148 1480 0.05283508365039282 4.518623605628642 0.034390754997730255 3.4567523747682571e-02 0.03514456748962402 0.03607746958732605 0.0006027296185493469   
149 1490 0.051480942566088636 4.637000783255392 0.034390754997730255 3.4833066165447235e-02 0.03523428738117218 0.035610031336545944 0.0005071833729743958   
150 1500 0.04995533934221412 4.620642621534299 0.034390754997730255 3.4783892333507538e-02 0.03543083742260933 0.03582629933953285 0.0004585832357406616   
151 1510 0.048169525981126185 4.619946374688518 0.034390754997730255 3.4683559089899063e-02 0.035458747297525406 0.03615614399313927 0.0006296895444393158   
152 1520 0.04579637988766903 4.600891017608849 0.034390754997730255 3.4710578620433807e-02 0.03533237427473068 0.03607478737831116 0.0006767623126506805   
153 1530 0.04283271644863429 4.64399601193997 0.034390754997730255 3.4625969827175140e-02 0.03533477708697319 0.03611642122268677 0.0006984658539295197   
154 1540 0.04228045068089691 4.707273128001076 0.034390754997730255 3.4703422337770462e-02 0.035263847559690475 0.03603823855519295 0.0007359124720096588   
155 1550 0.04063461181905839 4.745367974801564 0.034390754997730255 3.4549370408058167e-02 0.03502502292394638 0.036385342478752136 0.0005868375301361084   
156 1560 0.039332274206750804 4.831236409871246 0.034390754997730255 3.4562647342681885e-02 0.03513387590646744 0.035629574209451675 0.0006243661046028137   
157 1570 0.037807565112644104 4.837389019177548 0.034390754997730255 3.4554310142993927e-02 0.03484354168176651 0.03569508343935013 0.0006977282464504242   
158 1580 0.038403629045280975 4.91566998542047 0.03419679030776024 3.4196790307760239e-02 0.034715719521045685 0.03518534451723099 0.0004883483052253723   
159 1590 0.0386395241459481 5.00900930470555 0.03419679030776024 3.4453831613063812e-02 0.03475373610854149 0.03549893945455551 0.0003618858754634857   
160 1600 0.03862429814227063 5.203162471788301 0.03419679030776024 3.4474536776542664e-02 0.034895140677690506 0.03523965924978256 0.0004093572497367859   
161 1610 0.03930506936729414 5.300764556020285 0.03419679030776024 3.4268610179424286e-02 0.03462722897529602 0.03593964874744415 0.0011962205171585083   
162 1620 0.0378362170689284 5.395776016650079 0.03419679030776024 3.4402370452880859e-02 0.03456280380487442 0.03522203117609024 0.0003081783652305603   
163 1630 0.036981045374743525 5.436845550737057 0.03419679030776024 3.4291129559278488e-02 0.03473549708724022 0.03588467836380005 0.0006240867078304291   
164 1640 0.03615559646203614 5.519399263395071 0.03408031165599823 3.4080311655998230e-02 0.03464375436306 0.035268161445856094 0.0006094649434089661   
165 1650 0.03390414566847741 5.545780978946156 0.03408031165599823 3.4328304231166840e-02 0.0345604382455349 0.03508526831865311 0.000268004834651947   
166 1660 0.032334715718440744 5.656026112739747 0.03408031165599823 3.4170120954513550e-02 0.03485286608338356 0.035493895411491394 0.0005279146134853363   
167 1670 0.03076424393785539 5.657934152255923 0.03408031165599823 3.4122847020626068e-02 0.034342605620622635 0.03491887077689171 0.000247318297624588   
168 1680 0.029820641808233544 5.603751623925457 0.03408031165599823 3.4138843417167664e-02 0.03444337099790573 0.0347328707575798 0.0002568438649177551   
169 1690 0.027991617193539552 5.650529364084594 0.03408031165599823 3.4191004931926727e-02 0.03448214754462242 0.034763313829898834 0.0003867819905281067   
170 1700 0.02737577624356065 5.575680024281129 0.03408031165599823 3.4225158393383026e-02 0.03463359177112579 0.03567146137356758 0.0006172284483909607   
171 1710 0.027627889892485893 5.612673846735297 0.03408031165599823 3.4141022711992264e-02 0.03448501601815224 0.0349186547100544 0.00030282139778137207   
172 1720 0.028370880418264837 5.641960508470383 0.03408031165599823 3.4141380339860916e-02 0.0343405157327652 0.03469961881637573 0.00012293457984924316   
173 1730 0.027473020429358348 5.664688911929005 0.03397097811102867 3.3970978111028671e-02 0.03450834006071091 0.034788671880960464 0.0002817288041114807   
174 1740 0.026648408549549304 5.669968545850704 0.03397097811102867 3.4026104956865311e-02 0.034553878009319305 0.03486448526382446 0.000471748411655426   
175 1750 0.025374774371174497 5.706190531974768 0.03397097811102867 3.4098103642463684e-02 0.034355528652668 0.034804124385118484 0.0002923905849456787   
176 1760 0.024950063925460116 5.947464258412054 0.03397097811102867 3.4113310277462006e-02 0.034241631627082825 0.034534309059381485 0.0001241154968738556   
177 1770 0.02402525033627851 6.036480239959301 0.03397097811102867 3.4091640263795853e-02 0.03418222814798355 0.03453059494495392 0.00024368241429328918   
178 1780 0.02377240616002701 6.01606462502791 0.03397097811102867 3.3984124660491943e-02 0.034230321645736694 0.03441251441836357 0.00020066648721694946   
179 1790 0.023596015262201 6.076519161349942 0.03397097811102867 3.4049008041620255e-02 0.034264761954545975 0.03455501049757004 0.00020315498113632202   
180 1800 0.023139514405641038 6.16244965784712 0.033926308155059814 3.3926308155059814e-02 0.03425540402531624 0.03443456068634987 0.00022875890135765076   
181 1810 0.02332608781488131 6.256657273624626 0.03390302509069443 3.3903025090694427e-02 0.03418669104576111 0.03468817472457886 0.0001677200198173523   
182 1820 0.02339088126150997 6.314733953218048 0.03390302509069443 3.3944275230169296e-02 0.03424164652824402 0.03454387187957764 0.00019644945859909058   
183 1830 0.023423397397399143 6.3707437141689205 0.03390302509069443 3.3988166600465775e-02 0.03416424244642258 0.034445419907569885 9.136274456977844e-05   
184 1840 0.02285181014528618 6.3800095943173005 0.03390302509069443 3.3967770636081696e-02 0.034341782331466675 0.034590400755405426 0.0003170222043991089   
185 1850 0.021184978526711844 6.40939061950169 0.03390302509069443 3.3982764929533005e-02 0.03426985442638397 0.03460744023323059 0.00020461902022361755   
186 1860 0.020013685263959385 6.422724641948386 0.03381957858800888 3.3819578588008881e-02 0.034302107989788055 0.034519873559474945 0.00032460689544677734   
187 1870 0.019083571699819637 6.495908967790393 0.03381957858800888 3.3931910991668701e-02 0.03404811769723892 0.0344182550907135 0.00021409615874290466   
188 1880 0.018386361901580557 6.6056006655800115 0.03381957858800888 3.3925279974937439e-02 0.034064389765262604 0.03453688696026802 0.00020407885313034058   
189 1890 0.01790055981110941 6.695155159589956 0.03381957858800888 3.3883586525917053e-02 0.03414472937583923 0.03424669802188873 0.0002634190022945404   
190 1900 0.01769071755761295 6.60806958262926 0.03379850462079048 3.3798504620790482e-02 0.033994048833847046 0.03435010835528374 0.00034153833985328674   
191 1910 0.017298760490466775 6.651659701104383 0.033780574798583984 3.3780574798583984e-02 0.03390463814139366 0.03415627032518387 0.00015623494982719421   
192 1920 0.017388182529671274 6.66169842479603 0.033780574798583984 3.3875882625579834e-02 0.033951595425605774 0.03444381058216095 9.806081652641296e-05   
193 1930 0.017181322970680726 6.826200673791931 0.03375149518251419 3.3751495182514191e-02 0.03391851857304573 0.034051790833473206 0.00012050941586494446   
194 1940 0.01723509869521202 6.827870769876837 0.03375149518251419 3.3820137381553650e-02 0.03386975824832916 0.03442702814936638 0.00014718249440193176   
195 1950 0.016651876640762536 6.786379007485863 0.03365989401936531 3.3659894019365311e-02 0.033882543444633484 0.034094326198101044 0.00019463524222373962   
196 1960 0.016438182051935774 6.867565146478324 0.03365989401936531 3.3789861947298050e-02 0.033863186836242676 0.03397504985332489 4.30867075920105e-05   
197 1970 0.015761048627425486 6.887699421634987 0.03365989401936531 3.3777065575122833e-02 0.03395926579833031 0.0340404286980629 0.00014539062976837158   
198 1980 0.015115698223693897 6.890174879578809 0.03365989401936531 3.3686574548482895e-02 0.03384457528591156 0.03401447832584381 0.00012543797492980957   
199 1990 0.014988994405600184 6.9519579873626105 0.03365989401936531 3.3738031983375549e-02 0.03376346081495285 0.03394201397895813 0.00011963397264480591   
200 2000 0.014891373264817861 6.920237324827734 0.03365989401936531 3.3678852021694183e-02 0.033789776265621185 0.03391076251864433 0.00010132044553756714   
201 2010 0.01481553349487838 6.935931792663788 0.03365989401936531 3.3707879483699799e-02 0.03380116447806358 0.034086085855960846 0.00014932826161384583   
202 2020 0.014951049759369336 7.0902476300527715 0.03365989401936531 3.3694714307785034e-02 0.03382192924618721 0.03395569324493408 0.00010085850954055786   
203 2030 0.014834291977346635 7.268863966521413 0.03365989401936531 3.3722210675477982e-02 0.03384881094098091 0.03444502875208855 9.218603372573853e-05   
204 2040 0.014043461041691074 7.317017104894642 0.03365989401936531 3.3691912889480591e-02 0.03376707062125206 0.03414762392640114 0.00023945048451423645   
205 2050 0.013795317801080577 7.406108409623258 0.03365989401936531 3.3706735819578171e-02 0.03378855809569359 0.033992160111665726 0.00010977312922477722   
206 2060 0.013857322268753884 7.665843937182599 0.03362257778644562 3.3622577786445618e-02 0.03377212584018707 0.033978335559368134 0.00010922178626060486   
207 2070 0.013894483549177937 7.911086463617406 0.03362257778644562 3.3706314861774445e-02 0.033775780349969864 0.03385072946548462 3.559142351150513e-05   
208 2080 0.013509460031044257 8.112870270836531 0.03362257778644562 3.3628750592470169e-02 0.03384801745414734 0.03393905982375145 0.00011802837252616882   
209 2090 0.013408972657582048 8.300043341021873 0.03362257778644562 3.3710531890392303e-02 0.033761411905288696 0.033948153257369995 9.204447269439697e-05   
210 2100 0.013507943193117829 8.437109867025 0.0336218997836113 3.3621899783611298e-02 0.03371339291334152 0.03375503793358803 7.208064198493958e-05   
211 2110 0.013249565902735166 8.664718799819777 0.0336218997836113 3.3649042248725891e-02 0.03372233361005783 0.03380070626735687 0.0001023709774017334   
212 2120 0.01290914203593846 8.704264066508408 0.03362128138542175 3.3621281385421753e-02 0.03370106965303421 0.03386455774307251 0.00011056661605834961   
213 2130 0.012699414895680494 8.845541725229811 0.03362128138542175 3.3648230135440826e-02 0.033740460872650146 0.03402718901634216 8.496269583702087e-05   
214 2140 0.01303710511370548 8.9806600601953 0.03360690921545029 3.3606909215450287e-02 0.033691778779029846 0.0339081734418869 6.020069122314453e-05   
215 2150 0.012781493618645232 9.365648109182555 0.03360690921545029 3.3613052219152451e-02 0.03368249163031578 0.03373473137617111 6.959214806556702e-05   
216 2160 0.0126274627877184 9.510097430320386 0.03360316902399063 3.3603169023990631e-02 0.03375595808029175 0.033906467258930206 0.0001089535653591156   
217 2170 0.012114047972974582 9.490670792243977 0.03358771279454231 3.3587712794542313e-02 0.03373635187745094 0.03382350131869316 0.00012197718024253845   
218 2180 0.011754059887773954 9.640359277961707 0.03358771279454231 3.3594645559787750e-02 0.033708978444337845 0.033783525228500366 7.942318916320801e-05   
219 2190 0.011335452680727056 9.740883854076523 0.03358471393585205 3.3584713935852051e-02 0.033656008541584015 0.033718325197696686 4.0687620639801025e-05   
220 2200 0.01121068038054441 9.924239582759954 0.03355558216571808 3.3555582165718079e-02 0.03365156427025795 0.03376377746462822 6.559491157531738e-05   
221 2210 0.011544585639375826 10.118927623686803 0.03355558216571808 3.3572115004062653e-02 0.0337257944047451 0.033917300403118134 0.00022910162806510925   
222 2220 0.011929086069123 10.367656825822706 0.03355558216571808 3.3579334616661072e-02 0.03364744037389755 0.033913832157850266 8.026137948036194e-05   
223 2230 0.011905869978893088 10.727901028180922 0.03355558216571808 3.3567596226930618e-02 0.03369900956749916 0.0339369997382164 0.00015771761536598206   
224 2240 0.012114006278311322 10.82826324553862 0.033553168177604675 3.3553168177604675e-02 0.03366584703326225 0.033876366913318634 0.00011570751667022705   
225 2250 0.012410747395340883 11.054679833023249 0.033553168177604675 3.3554274588823318e-02 0.03365004062652588 0.0338921919465065 0.00010768324136734009   
226 2260 0.012722176882922282 11.123030758816245 0.033553168177604675 3.3572915941476822e-02 0.033727824687957764 0.03387663885951042 0.00010170042514801025   
227 2270 0.012643850250538304 11.264312087199489 0.033553168177604675 3.3567987382411957e-02 0.03367720544338226 0.03390832990407944 0.00025040656328201294   
228 2280 0.012240101652812765 11.316084015859067 0.033553168177604675 3.3555805683135986e-02 0.033657096326351166 0.03379572182893753 0.0001554153859615326   
229 2290 0.011563988104596433 11.458679092805268 0.033553168177604675 3.3590789884328842e-02 0.03374514728784561 0.03398338705301285 0.00010794773697853088   
230 2300 0.010714127818428596 11.450249606011477 0.033553168177604675 3.3567346632480621e-02 0.03358418494462967 0.03369699791073799 3.0279159545898438e-05   
231 2310 0.010254119259872586 11.260811367851751 0.033544860780239105 3.3544860780239105e-02 0.033603064715862274 0.03363414108753204 3.4753233194351196e-05   
232 2320 0.0099747310443888 11.26771178129937 0.0335407555103302 3.3540755510330200e-02 0.03359721228480339 0.03383096307516098 5.2671879529953e-05   
233 2330 0.009865949072932294 11.315350484256635 0.03348741680383682 3.3487416803836823e-02 0.03359576314687729 0.033647336065769196 8.548423647880554e-05   
234 2340 0.009693846365779106 11.508242659574522 0.03348741680383682 3.3537250012159348e-02 0.03356354311108589 0.033669039607048035 5.2638351917266846e-05   
235 2350 0.009394641518140652 11.586212233233407 0.03348741680383682 3.3544525504112244e-02 0.0335858017206192 0.033739589154720306 3.3311545848846436e-05   
236 2360 0.009251346346182946 11.69662466960146 0.03348741680383682 3.3518437296152115e-02 0.03355947881937027 0.03367141634225845 8.755922317504883e-05   
237 2370 0.00920124449609594 11.831620546560217 0.03348741680383682 3.3525802195072174e-02 0.03358759731054306 0.03365795314311981 7.205456495285034e-05   
238 2380 0.009175260001842154 11.881643285305602 0.03348741680383682 3.3487461507320404e-02 0.03355998918414116 0.03382124751806259 0.00010028481483459473   
239 2390 0.009562305416120562 12.100361638098764 0.03348741680383682 3.3501029014587402e-02 0.033558107912540436 0.03369598090648651 8.238852024078369e-05   
240 2400 0.00994852472884995 12.08456637740042 0.03345769643783569 3.3457696437835693e-02 0.033571138978004456 0.03369363024830818 5.9213489294052124e-05   
241 2410 0.01031558373488942 12.158350876204942 0.03345769643783569 3.3464394509792328e-02 0.03352363035082817 0.03362013399600983 9.689480066299438e-05   
242 2420 0.010672301383446168 12.224386909325847 0.033454664051532745 3.3454664051532745e-02 0.03351561725139618 0.033649593591690063 4.478543996810913e-05   
243 2430 0.010586950976875249 12.349774510835095 0.03343828767538071 3.3438287675380707e-02 0.033504925668239594 0.03361983969807625 7.676705718040466e-05   
244 2440 0.010188124049234124 12.552919814083843 0.03342793881893158 3.3427938818931580e-02 0.03352237492799759 0.03369129076600075 8.605793118476868e-05   
245 2450 0.010216093017916513 12.576100955030219 0.03342793881893158 3.3435650169849396e-02 0.03347382694482803 0.03357645496726036 7.77021050453186e-05   
246 2460 0.010942974103668728 12.825422715292166 0.03342793881893158 3.3470772206783295e-02 0.03349539637565613 0.03355484828352928 2.139061689376831e-05   
247 2470 0.011638144534040369 12.819511842132872 0.03342793881893158 3.3458411693572998e-02 0.03355040401220322 0.03362344205379486 2.0761042833328247e-05   
248 2480 0.01205726071342968 13.080752666601425 0.03342793881893158 3.3442802727222443e-02 0.03350208327174187 0.033539608120918274 4.21963632106781e-05   
249 2490 0.012076347092539231 13.294539272517119 0.03342793881893158 3.3461239188909531e-02 0.033535152673721313 0.03364265710115433 6.838515400886536e-05   
250 2500 0.01195137521653951 13.516555347166975 0.03341050073504448 3.3410500735044479e-02 0.03348904103040695 0.033599644899368286 5.6162476539611816e-05   
251 2510 0.01172955536041747 13.633178210506655 0.03341050073504448 3.3475961536169052e-02 0.033501382917165756 0.03358510136604309 8.484721183776855e-05   
252 2520 0.01140587122039825 13.64924711873208 0.03340699523687363 3.3406995236873627e-02 0.03353250026702881 0.033608581870794296 6.397813558578491e-05   
253 2530 0.010860962904673529 13.837384609991476 0.03340699523687363 3.3451557159423828e-02 0.03350549936294556 0.03372417390346527 8.212774991989136e-05   
254 2540 0.010592191993326906 14.013358951915212 0.03340699523687363 3.3469364047050476e-02 0.033546317368745804 0.033624015748500824 5.441904067993164e-05   
255 2550 0.01030260211514247 14.169562151955308 0.03340699523687363 3.3465392887592316e-02 0.03349097818136215 0.0336284264922142 8.230283856391907e-05   
256 2560 0.010142166805921032 14.232327113566276 0.03340699523687363 3.3473964780569077e-02 0.0334976427257061 0.0335833802819252 7.070600986480713e-05   
257 2570 0.009925091977118099 14.584082940383686 0.03340699523687363 3.3410958945751190e-02 0.03348676860332489 0.033528588712215424 2.7548521757125854e-05   
258 2580 0.010198063746674228 14.659200361046159 0.03340699523687363 3.3429782837629318e-02 0.033493634313344955 0.03354693949222565 3.6034733057022095e-05   
259 2590 0.00993751502397756 14.753365036830134 0.03340699523687363 3.3456474542617798e-02 0.03347122669219971 0.0337337963283062 7.823482155799866e-05   
260 2600 0.009900699241146678 14.737267885771677 0.03340699523687363 3.3415377140045166e-02 0.03347580507397652 0.03358380123972893 7.059052586555481e-05   
261 2610 0.009740326551843313 15.014277068473488 0.03339361399412155 3.3393613994121552e-02 0.03348352760076523 0.03357179835438728 9.227544069290161e-05   
262 2620 0.00953960210445716 15.192722244571032 0.03339361399412155 3.3394102007150650e-02 0.033454835414886475 0.033629827201366425 5.69075345993042e-05   
263 2630 0.009184284736332213 15.448882695777616 0.03339361399412155 3.3403649926185608e-02 0.033430177718400955 0.03346152976155281 2.1960586309432983e-05   
264 2640 0.008877890679263095 15.504666665957346 0.03339361399412155 3.3398620784282684e-02 0.03345818445086479 0.033667128533124924 5.830451846122742e-05   
265 2650 0.00896383408425982 15.808004247635504 0.03339361399412155 3.3399436622858047e-02 0.03343893587589264 0.033582091331481934 6.540492177009583e-05   
266 2660 0.009139904194099931 16.086756592508976 0.03339361399412155 3.3417068421840668e-02 0.03346121683716774 0.033549822866916656 3.509223461151123e-05   
267 2670 0.009250665483279106 16.28466656536489 0.033357951790094376 3.3357951790094376e-02 0.03345166891813278 0.033561401069164276 2.9917806386947632e-05   
268 2680 0.009667931943012187 16.69447015990331 0.033357951790094376 3.3374261111021042e-02 0.03340938687324524 0.03367976099252701 2.841651439666748e-05   
269 2690 0.00984056272687259 17.163156607239337 0.033357951790094376 3.3361539244651794e-02 0.03343565762042999 0.03368445113301277 0.00025959312915802   
270 2700 0.010041231576164957 17.319790200336325 0.033357951790094376 3.3369749784469604e-02 0.03344475477933884 0.03370203077793121 3.6578625440597534e-05   
271 2710 0.009782348128396831 17.41075629832669 0.033357951790094376 3.3373638987541199e-02 0.033441588282585144 0.03373811021447182 7.157772779464722e-05   
272 2720 0.00923025321590954 17.785019294739406 0.03335312381386757 3.3353123813867569e-02 0.03344525769352913 0.03354482352733612 4.0199607610702515e-05   
273 2730 0.008981997417446421 17.622697926512114 0.03335312381386757 3.3372651785612106e-02 0.033398084342479706 0.033451147377491 3.5431236028671265e-05   
274 2740 0.008839640935854173 17.701427124089008 0.03334534168243408 3.3345341682434082e-02 0.033426299691200256 0.033507414162158966 9.047240018844604e-05   
275 2750 0.008683723261747812 17.969537291486557 0.03332799673080444 3.3327996730804443e-02 0.03338633477687836 0.03346524387598038 4.9699097871780396e-05   
276 2760 0.0085661587787314 18.150876746270768 0.03332799673080444 3.3343061804771423e-02 0.033443402498960495 0.033483002334833145 8.963048458099365e-05   
277 2770 0.00914310392763813 18.135873956650396 0.03332799673080444 3.3374603837728500e-02 0.033424414694309235 0.03347070887684822 2.917647361755371e-05   
278 2780 0.0092870705878948 17.582260079507364 0.03332799673080444 3.3374488353729248e-02 0.03340793773531914 0.03348299860954285 6.927922368049622e-05   
279 2790 0.009449569779046242 17.498507382980417 0.03332799673080444 3.3409561961889267e-02 0.03345078229904175 0.033538706600666046 4.2498111724853516e-05   
280 2800 0.009316036813985608 17.56088890238122 0.03332799673080444 3.3385254442691803e-02 0.03341607376933098 0.033478010445833206 6.798654794692993e-05   
281 2810 0.009105323832910867 17.847941587894987 0.03332799673080444 3.3368315547704697e-02 0.03341623395681381 0.03344586491584778 3.33935022354126e-05   
282 2820 0.009128282115257274 17.81899281861595 0.03332799673080444 3.3378090709447861e-02 0.03343181684613228 0.03401678055524826 4.297122359275818e-05   
283 2830 0.00933620245704758 18.004654899969786 0.03332799673080444 3.3378459513187408e-02 0.03341246023774147 0.03346055746078491 1.56499445438385e-05   
284 2840 0.009326638523646158 17.896312204070558 0.03332799673080444 3.3379111438989639e-02 0.0334571897983551 0.033544041216373444 6.412714719772339e-05   
285 2850 0.009215995479782213 18.20782063389322 0.03332799673080444 3.3389262855052948e-02 0.033469151705503464 0.03403216600418091 5.171820521354675e-05   
286 2860 0.009135662085446958 18.44653647406444 0.03332799673080444 3.3358104526996613e-02 0.03342924639582634 0.03349366784095764 7.186457514762878e-05   
287 2870 0.009162022409407581 18.61411057326471 0.03332799673080444 3.3399261534214020e-02 0.033430084586143494 0.03345942124724388 3.111734986305237e-05   
288 2880 0.00899719496503501 18.68714251292705 0.03332799673080444 3.3408395946025848e-02 0.03342777490615845 0.033731650561094284 3.7204474210739136e-05   
289 2890 0.00882446000812886 18.697599977236486 0.03332799673080444 3.3401399850845337e-02 0.033493515104055405 0.033996548503637314 0.0002890937030315399   
290 2900 0.00835409271378519 18.714058774916165 0.03332799673080444 3.3454127609729767e-02 0.03348914533853531 0.034068770706653595 0.00024081766605377197   
291 2910 0.008124316367921122 19.040527023882287 0.03332799673080444 3.3430196344852448e-02 0.03345220535993576 0.03380707651376724 6.442144513130188e-05   
292 2920 0.008223656178378384 19.098053536293932 0.03332799673080444 3.3391352742910385e-02 0.03345809876918793 0.03407881036400795 4.961341619491577e-05   
293 2930 0.007872877715699396 19.281180037306214 0.03332799673080444 3.3371862024068832e-02 0.03345407545566559 0.033501602709293365 4.12575900554657e-05   
294 2940 0.007251061350632083 19.306567746320052 0.03332799673080444 3.3387709408998489e-02 0.03345063701272011 0.03402289003133774 0.00012844428420066833   
295 2950 0.006711573798601182 19.4371660336282 0.03332799673080444 3.3385559916496277e-02 0.0334693118929863 0.03401733189821243 0.00029783323407173157   
296 2960 0.006506534020032614 19.827286538684387 0.03332799673080444 3.3389553427696228e-02 0.03343876451253891 0.03402739018201828 5.1371753215789795e-05   
297 2970 0.006162725288165366 19.90275650825274 0.03332799673080444 3.3355288207530975e-02 0.03339627757668495 0.03373745083808899 1.8514692783355713e-05   
298 2980 0.005727226040733401 20.11908255011199 0.03332799673080444 3.3352255821228027e-02 0.03340969234704971 0.03345315903425217 3.3583492040634155e-05   
299 2990 0.00552282592010395 20.291806598209433 0.03332799673080444 3.3347003161907196e-02 0.03338935971260071 0.03341633453965187 1.586228609085083e-05   
300 3000 0.005559063461181076 20.306365742559475 0.03332799673080444 3.3353034406900406e-02 0.03337922692298889 0.03341208025813103 3.8430094718933105e-05   
301 3010 0.005587300427904221 20.706485293836646 0.03332799673080444 3.3345751464366913e-02 0.03338520973920822 0.03367037698626518 2.5957822799682617e-05   
302 3020 0.005644158048926736 20.92771360035163 0.03332799673080444 3.3329375088214874e-02 0.033391185104846954 0.03394658863544464 6.505846977233887e-05   
303 3030 0.005570000697977643 20.755399162744517 0.03332799673080444 3.3359777182340622e-02 0.03339005634188652 0.03343240171670914 2.7302652597427368e-05   
304 3040 0.005425522042759483 20.88973324906513 0.03332799673080444 3.3342733979225159e-02 0.0333685576915741 0.03340664878487587 3.296509385108948e-05   
305 3050 0.0051142082694935745 20.901231366378504 0.03332799673080444 3.3330567181110382e-02 0.033390603959560394 0.03342614322900772 3.3639371395111084e-05   
306 3060 0.004999278317804673 20.966957118557826 0.03332799673080444 3.3340670168399811e-02 0.03336497023701668 0.03342325612902641 3.260374069213867e-05   
307 3070 0.004897848399108988 21.076892790121228 0.03332799673080444 3.3328801393508911e-02 0.03338461369276047 0.033447444438934326 6.403028964996338e-05   
308 3080 0.004890680323351091 21.27712978399353 0.03332621604204178 3.3326216042041779e-02 0.03334229812026024 0.0333801731467247 1.4580786228179932e-05   
309 3090 0.0049295343419039055 21.26725304990348 0.03332621604204178 3.3336147665977478e-02 0.03335752710700035 0.03338903188705444 2.2452324628829956e-05   
310 3100 0.004875677765712708 21.113058986841992 0.03332621604204178 3.3332780003547668e-02 0.033360838890075684 0.03339437395334244 3.849342465400696e-05   
311 3110 0.004784772183752196 21.166934912823468 0.03332621604204178 3.3339928835630417e-02 0.03337641805410385 0.03339129686355591 1.6372650861740112e-05   
312 3120 0.004658204473866558 21.287001467126824 0.03332621604204178 3.3330246806144714e-02 0.03336738049983978 0.033405669033527374 2.5995075702667236e-05   
313 3130 0.004427047237543189 21.543614157615774 0.03332621604204178 3.3336989581584930e-02 0.03334318473935127 0.033381979912519455 3.0394643545150757e-05   
314 3140 0.0039414973033981395 21.927727191766195 0.03332621604204178 3.3330231904983521e-02 0.033362679183483124 0.033394552767276764 2.316385507583618e-05   
315 3150 0.003742030468755518 22.07273026167861 0.033323660492897034 3.3323660492897034e-02 0.033346787095069885 0.03341520577669144 6.788969039916992e-05   
316 3160 0.0034982367572246164 22.188066534485387 0.03332151472568512 3.3321514725685120e-02 0.03334829956293106 0.0333784781396389 2.8703361749649048e-05   
317 3170 0.003306888063043896 21.985788560063018 0.03332151472568512 3.3325906842947006e-02 0.0333385095000267 0.033379554748535156 1.033395528793335e-05   
318 3180 0.0032850941769547327 21.7584525457554 0.03332151472568512 3.3328674733638763e-02 0.0333549901843071 0.033385276794433594 4.337728023529053e-05   
319 3190 0.003227905635797566 21.527864977567543 0.03332151472568512 3.3330693840980530e-02 0.03335542976856232 0.03338751196861267 4.7557055950164795e-05   
320 3200 0.0031572505095392622 21.289496193795912 0.03332151472568512 3.3329233527183533e-02 0.03334222733974457 0.033382344990968704 4.014745354652405e-05   
321 3210 0.0031906700978140993 21.258975063661754 0.03332151472568512 3.3336356282234192e-02 0.033350490033626556 0.03337792679667473 1.5906989574432373e-05   
322 3220 0.0032045748907339965 21.37737750851249 0.03332151472568512 3.3332385122776031e-02 0.03334326297044754 0.03339208662509918 3.403797745704651e-05   
323 3230 0.00323567725110351 21.451053931114572 0.03332151472568512 3.3328615128993988e-02 0.033346664160490036 0.0334189236164093 5.76898455619812e-05   
324 3240 0.0032583001172288074 22.179899427149785 0.03332151472568512 3.3332280814647675e-02 0.03335181996226311 0.0333976149559021 4.531070590019226e-05   
325 3250 0.0031501055987670215 22.533429937234988 0.03332151472568512 3.3326029777526855e-02 0.03334358334541321 0.03338462859392166 1.119077205657959e-05   
326 3260 0.003013166936283786 22.749282539043893 0.03332151472568512 3.3331099897623062e-02 0.03335108608007431 0.03338514268398285 4.5008957386016846e-05   
327 3270 0.002924749221460428 23.176979999025516 0.03332151472568512 3.3326804637908936e-02 0.03333957493305206 0.033382393419742584 3.52226197719574e-05   
328 3280 0.002897865170708211 23.013680296794135 0.03332151472568512 3.3326711505651474e-02 0.03333524242043495 0.03337440639734268 1.652166247367859e-05   
329 3290 0.0028528279677094955 22.970796906146145 0.03332151472568512 3.3327683806419373e-02 0.03333766758441925 0.033357907086610794 1.4029443264007568e-05   
330 3300 0.002741720265982384 23.032439115407264 0.03332151472568512 3.3325597643852234e-02 0.033342670649290085 0.03337706997990608 2.4434179067611694e-05   
331 3310 0.0027915585799966063 23.150711968705362 0.03332056105136871 3.3320561051368713e-02 0.03334028273820877 0.033377304673194885 1.5877187252044678e-05   
332 3320 0.0028197517584433547 23.38124107861378 0.03332056105136871 3.3325098454952240e-02 0.0333336777985096 0.03334944322705269 1.648440957069397e-05   
333 3330 0.002853714845157749 23.478121733943095 0.03332056105136871 3.3327385783195496e-02 0.033340997993946075 0.03337157517671585 1.621246337890625e-05   
334 3340 0.0027179757443913217 23.505476074784042 0.03332056105136871 3.3325154334306717e-02 0.03334755450487137 0.03335776552557945 2.130866050720215e-05   
335 3350 0.0026272022540239645 23.414173804999717 0.03332056105136871 3.3325947821140289e-02 0.033335521817207336 0.0333654060959816 1.3511627912521362e-05   
336 3360 0.0025489329260646194 23.351784367510497 0.03332056105136871 3.3327072858810425e-02 0.03333825245499611 0.033404529094696045 2.4635344743728638e-05   
337 3370 0.0023661086723391436 23.32894813403021 0.03332056105136871 3.3325262367725372e-02 0.03333170711994171 0.03335990011692047 5.505979061126709e-06   
338 3380 0.0022525837383960026 23.355917500746674 0.03332056105136871 3.3325687050819397e-02 0.033336885273456573 0.033370085060596466 2.6337802410125732e-05   
339 3390 0.0021101403001783014 23.3224441879846 0.03332056105136871 3.3324189484119415e-02 0.03333006799221039 0.03335824981331825 1.2841075658798218e-05   
340 3400 0.0020148780564440386 23.309485649781926 0.03332056105136871 3.3324636518955231e-02 0.033329613506793976 0.03337835893034935 2.130866050720215e-06   
341 3410 0.001957628336684419 23.721280999219395 0.03332056105136871 3.3324018120765686e-02 0.03333970904350281 0.03335237503051758 1.1518597602844238e-05   
342 3420 0.0019138478162952905 24.035400544346814 0.03332056105136871 3.3325944095849991e-02 0.033334314823150635 0.03335452824831009 9.566545486450195e-06   
343 3430 0.0018389822586174142 24.041098445363833 0.03332056105136871 3.3326793462038040e-02 0.033330775797367096 0.033345989882946014 8.024275302886963e-06   
344 3440 0.0017817265045323204 24.05736735998984 0.03332056105136871 3.3326819539070129e-02 0.033330898731946945 0.03334568440914154 8.735805749893188e-06   
345 3450 0.0017184592229299096 24.019355418644135 0.03332056105136871 3.3324107527732849e-02 0.033327095210552216 0.03334054723381996 3.2782554626464844e-06   
346 3460 0.0016135199504141943 24.662070709084333 0.03332056105136871 3.3324535936117172e-02 0.03332710266113281 0.033333443105220795 4.000961780548096e-06   
347 3470 0.001530374315676111 24.8791512588129 0.03332056105136871 3.3324137330055237e-02 0.03333006426692009 0.033351533114910126 1.1976808309555054e-05   
348 3480 0.0014199603093250762 25.39694107150588 0.03332056105136871 3.3324074000120163e-02 0.03333054482936859 0.033351682126522064 7.096678018569946e-06   
349 3490 0.0013499463447863228 25.65591354071302 0.03332056105136871 3.3324155956506729e-02 0.03332722932100296 0.03333776816725731 6.113201379776001e-06   
350 3500 0.0012512180942478176 25.62060488699894 0.03332056105136871 3.3326119184494019e-02 0.033330392092466354 0.03333557769656181 2.767890691757202e-06   
351 3510 0.0011734165530355313 25.547733386086424 0.03332056105136871 3.3323749899864197e-02 0.033327147364616394 0.03333158418536186 3.4011900424957275e-06   
352 3520 0.00117394082042136 25.529341678604403 0.03332056105136871 3.3323846757411957e-02 0.03332773968577385 0.03333504498004913 5.923211574554443e-06   
353 3530 0.0011081111205058106 24.685698386968735 0.03332056105136871 3.3323749899864197e-02 0.033327944576740265 0.033331140875816345 4.954636096954346e-06   
354 3540 0.0010640752934929607 24.27712417593197 0.03332056105136871 3.3324580639600754e-02 0.03332703933119774 0.03332928568124771 2.987682819366455e-06   
355 3550 0.0010352846413237751 24.294478546564083 0.03332056105136871 3.3323489129543304e-02 0.03332434594631195 0.033327020704746246 9.313225746154785e-07   
356 3560 0.0010109619844425467 24.315364866604153 0.03332056105136871 3.3323105424642563e-02 0.03332830220460892 0.033330321311950684 4.7013163566589355e-06   
357 3570 0.0009885769809809815 24.327103384939214 0.03332056105136871 3.3323343843221664e-02 0.033323924988508224 0.033327363431453705 5.736947059631348e-07   
358 3580 0.0009451761670104023 24.079913989318023 0.03332056105136871 3.3323168754577637e-02 0.033324338495731354 0.03332888334989548 3.948807716369629e-06   
359 3590 0.0008978819959685271 24.263317523485963 0.03332056105136871 3.3323306590318680e-02 0.03332415223121643 0.0333285927772522 4.842877388000488e-06   
360 3600 0.0008596051409777808 24.054790733704746 0.03332056105136871 3.3323165029287338e-02 0.03332391753792763 0.033326152712106705 6.966292858123779e-07   
361 3610 0.0008639062569748789 24.182191061340454 0.03332056105136871 3.3323418349027634e-02 0.03332403674721718 0.03332830220460892 2.4512410163879395e-06   
362 3620 0.0008665296161537686 24.197694503316498 0.03332056105136871 3.3323351293802261e-02 0.033325593918561935 0.033328525722026825 3.419816493988037e-06   
363 3630 0.0008477707151224306 24.084207240427578 0.03332056105136871 3.3323593437671661e-02 0.033324047923088074 0.03333823382854462 1.5944242477416992e-06   
364 3640 0.0008699109522811976 23.81401270438117 0.03332056105136871 3.3322535455226898e-02 0.03332395479083061 0.033338144421577454 6.202608346939087e-06   
365 3650 0.0009165801779075885 24.57551488654808 0.03332056105136871 3.3322542905807495e-02 0.03332334756851196 0.03332594782114029 2.909451723098755e-06   
366 3660 0.000963196511475378 24.938280612736826 0.03332056105136871 3.3322531729936600e-02 0.03332579880952835 0.033329129219055176 3.378838300704956e-06   
367 3670 0.0009967155161377558 25.108959373086595 0.03332056105136871 3.3322434872388840e-02 0.03332541510462761 0.033330824226140976 5.636364221572876e-06   
368 3680 0.000998079492761419 25.498227110079647 0.03332056105136871 3.3322412520647049e-02 0.0333247035741806 0.03332816809415817 3.1068921089172363e-06   
369 3690 0.0010097703972247061 25.570577584861823 0.03332056105136871 3.3322021365165710e-02 0.03332323580980301 0.03332838788628578 2.1830201148986816e-06   
370 3700 0.0010088139395116 25.756393157565334 0.03332056105136871 3.3322088420391083e-02 0.0333225354552269 0.033355023711919785 1.6279518604278564e-06   
371 3710 0.0010013917607709887 25.572720033072493 0.03332056105136871 3.3322300761938095e-02 0.03332281857728958 0.03332514315843582 1.955777406692505e-06   
372 3720 0.0010147073211647826 25.455005816026457 0.03332056105136871 3.3321939408779144e-02 0.033323075622320175 0.03332822024822235 1.862645149230957e-06   
373 3730 0.0010388487011037 25.513629808923085 0.03332056105136871 3.3321917057037354e-02 0.03332304209470749 0.0333300456404686 2.68593430519104e-06   
374 3740 0.0010476565390413004 25.557915575204518 0.03332056105136871 3.3322446048259735e-02 0.03332589194178581 0.03335084021091461 7.193535566329956e-06   
375 3750 0.001048868161251383 25.595832595518257 0.03332056105136871 3.3321943134069443e-02 0.03332256153225899 0.03335120156407356 2.8248876333236694e-05   
376 3760 0.001052670259798399 25.55034236017981 0.03332056105136871 3.3322297036647797e-02 0.033329788595438004 0.03335309028625488 1.1049211025238037e-05   
377 3770 0.0010657910107373162 25.715666256436453 0.03332056105136871 3.3322438597679138e-02 0.0333283357322216 0.03335704281926155 2.6397407054901123e-05   
378 3780 0.0010931403311220805 25.810117476579425 0.03332056105136871 3.3323716372251511e-02 0.033336296677589417 0.03336164355278015 2.5488436222076416e-05   
379 3790 0.001058782443605206 25.79337258643313 0.03332056105136871 3.3322345465421677e-02 0.03332774341106415 0.03334926813840866 4.149973392486572e-06   
380 3800 0.0010285637900365472 25.712352547990413 0.03332056105136871 3.3321887254714966e-02 0.03332844376564026 0.03335701674222946 1.9513070583343506e-05   
381 3810 0.0010249925778015663 25.675014466018133 0.03332056105136871 3.3321641385555267e-02 0.033322595059871674 0.033328473567962646 5.885958671569824e-07   
382 3820 0.0010162377399583827 25.648131338824513 0.03332056105136871 3.3321537077426910e-02 0.03332480043172836 0.033353377133607864 1.5061348676681519e-05   
383 3830 0.0010300015064840084 25.105572892378287 0.03332056105136871 3.3321239054203033e-02 0.03332412987947464 0.033353276550769806 2.1457672119140625e-06   
384 3840 0.0010065982998602105 24.926166108997243 0.03332056105136871 3.3322073519229889e-02 0.03332478180527687 0.03332822769880295 5.11854887008667e-06   
385 3850 0.000981480436872547 24.810977889368743 0.03332056105136871 3.3322066068649292e-02 0.03332286328077316 0.03332655131816864 5.960464477539062e-07   
386 3860 0.00097495400947121 24.509778446524937 0.03332056105136871 3.3321715891361237e-02 0.0333242267370224 0.033327750861644745 4.481524229049683e-06   
387 3870 0.0009672403056281787 24.630929203054077 0.03332056105136871 3.3321525901556015e-02 0.033325012773275375 0.03332778066396713 4.8354268074035645e-06   
388 3880 0.0009702375475535647 24.487894222940543 0.03332056105136871 3.3321347087621689e-02 0.03332293778657913 0.03332684934139252 4.090368747711182e-06   
389 3890 0.0009452676045819921 24.455058075048417 0.03332056105136871 3.3321235328912735e-02 0.033324163407087326 0.033324673771858215 2.4847686290740967e-06   
390 3900 0.0009213404025322356 24.58471136562216 0.03332056105136871 3.3321477472782135e-02 0.03332255035638809 0.033329278230667114 6.031244993209839e-06   
391 3910 0.0008620904802005652 24.409629760905332 0.03332056105136871 3.3321246504783630e-02 0.033322256058454514 0.03334985673427582 2.201646566390991e-06   
392 3920 0.0008011014844420366 24.367710447577938 0.03332056105136871 3.3321239054203033e-02 0.033322691917419434 0.03332619369029999 2.6188790798187256e-06   
393 3930 0.0007520685896281607 24.156932172400833 0.03332056105136871 3.3321660012006760e-02 0.033321887254714966 0.033350083976984024 3.5762786865234375e-07   
394 3940 0.0007354204337592521 24.329009253531712 0.03332056105136871 3.3321741968393326e-02 0.033322352916002274 0.03332763537764549 4.623085260391235e-06   
395 3950 0.0007339593574585152 24.10451718176288 0.03332056105136871 3.3321727067232132e-02 0.0333222933113575 0.03332747891545296 2.4437904357910156e-06   
396 3960 0.0007061553875725805 24.289678180392734 0.03332056105136871 3.3321727067232132e-02 0.03332507610321045 0.03332733362913132 4.8354268074035645e-06   
397 3970 0.0007108032913481401 23.829468922852268 0.03332056105136871 3.3321723341941833e-02 0.03332443907856941 0.03332732245326042 2.4549663066864014e-06   
398 3980 0.0007124776826623455 23.46804562460581 0.03332056105136871 3.3321727067232132e-02 0.03332434594631195 0.033352844417095184 2.7120113372802734e-06   
399 3990 0.0006899618238836005 23.217623848296782 0.03332056105136871 3.3321868628263474e-02 0.033322542905807495 0.03332989662885666 2.4065375328063965e-06   
400 4000 0.0006887246699489576 22.91422730151652 0.03332056105136871 3.3321529626846313e-02 0.033322155475616455 0.03332286328077316 3.5390257835388184e-07   
401 4010 0.0006790465550279302 22.58864619062174 0.03332056105136871 3.3321388065814972e-02 0.033322129398584366 0.03332483768463135 4.805624485015869e-07   
402 4020 0.0006611028298453012 22.575681572181974 0.03332056105136871 3.3321235328912735e-02 0.033324435353279114 0.033352795988321304 2.913177013397217e-06   
403 4030 0.0006462629891864451 22.442928382970774 0.03332056105136871 3.3321332186460495e-02 0.03332187235355377 0.033324234187603 7.674098014831543e-07   
404 4040 0.0006386525177888848 22.388017919436574 0.03332056105136871 3.3321242779493332e-02 0.033323995769023895 0.033350080251693726 8.687376976013184e-06   
405 4050 0.0006471695497541474 22.176038428271728 0.03332056105136871 3.3321224153041840e-02 0.03332161903381348 0.033352628350257874 5.677342414855957e-06   
406 4060 0.0006685227737958632 22.08615674699911 0.03332056105136871 3.3321373164653778e-02 0.03332333266735077 0.03333266079425812 8.52346420288086e-06   
407 4070 0.0006675334771814195 21.88470789298264 0.03332056105136871 3.3321358263492584e-02 0.0333239883184433 0.033330366015434265 2.4512410163879395e-06   
408 4080 0.0006668357973737726 21.929955767370043 0.03332056105136871 3.3321239054203033e-02 0.033321529626846313 0.033352822065353394 8.530914783477783e-06   
409 4090 0.0006953033653079888 22.271096320811687 0.03332056105136871 3.3321306109428406e-02 0.03332991525530815 0.03335507586598396 8.93324613571167e-06   
410 4100 0.0007049916559308293 22.32510294046286 0.03332056105136871 3.3321328461170197e-02 0.03332184627652168 0.03336477279663086 2.845749258995056e-05   
411 4110 0.0006937177181589048 21.758991264382693 0.03332056105136871 3.3321231603622437e-02 0.03332167863845825 0.033324189484119415 4.6566128730773926e-07   
412 4120 0.0006692559820793459 21.475364737449205 0.03332056105136871 3.3321343362331390e-02 0.0333217978477478 0.03332434594631195 2.7194619178771973e-07   
413 4130 0.0006362058132458619 21.681771515927032 0.03332056105136871 3.3321335911750793e-02 0.0333215594291687 0.033324144780635834 4.0978193283081055e-07   
414 4140 0.0006176555125369456 21.667807788417758 0.03332056105136871 3.3321253955364227e-02 0.03332215175032616 0.033324092626571655 2.51084566116333e-06   
415 4150 0.0006009813730455036 21.369601130460776 0.03332056105136871 3.3321335911750793e-02 0.03332307189702988 0.033332712948322296 2.253800630569458e-06   
416 4160 0.0005857837543410669 21.64229872135231 0.03332056105136871 3.3321239054203033e-02 0.0333217978477478 0.033324092626571655 8.009374141693115e-07   
417 4170 0.0005855052892895143 21.665399809639 0.03332056105136871 3.3321250230073929e-02 0.033321723341941833 0.03333643823862076 2.466142177581787e-06   
418 4180 0.0005923088740761519 21.31270062515433 0.03332056105136871 3.3321388065814972e-02 0.03332166373729706 0.03335018828511238 3.8743019104003906e-07   
419 4190 0.0005777048480259305 21.210600880755216 0.03332056105136871 3.3321242779493332e-02 0.03332185000181198 0.03332393988966942 4.917383193969727e-07   
420 4200 0.0005642360656337019 21.31025179811471 0.03332056105136871 3.3321339637041092e-02 0.03332168981432915 0.033322155475616455 4.246830940246582e-07   
421 4210 0.0005539869261124579 21.637636346664923 0.03332056105136871 3.3321343362331390e-02 0.03332148492336273 0.033324092626571655 4.3213367462158203e-07   
422 4220 0.0005675593502746649 21.759023611104542 0.03332056105136871 3.3321298658847809e-02 0.03332153707742691 0.033336132764816284 3.948807716369629e-07   
423 4230 0.0005843302279156287 21.72177851681554 0.03332056105136871 3.3321239054203033e-02 0.03332137316465378 0.0333239920437336 1.8998980522155762e-07   
424 4240 0.0005991974345010163 21.83826036416383 0.03332056105136871 3.3321183174848557e-02 0.03332146257162094 0.033323973417282104 1.7508864402770996e-07   
425 4250 0.0005906356230364347 21.608774266848673 0.03332056105136871 3.3321261405944824e-02 0.03332401439547539 0.033352844417095184 2.8721988201141357e-05   
426 4260 0.0005713407742337184 21.766555500610064 0.03332056105136871 3.3321157097816467e-02 0.033321306109428406 0.03335446119308472 6.332993507385254e-08   
427 4270 0.0005595697720012783 21.589486821929142 0.03332056105136871 3.3321175724267960e-02 0.03332386165857315 0.03335261344909668 8.75815749168396e-06   
428 4280 0.0005665692667572221 21.660829287068772 0.03332045301795006 3.3320453017950058e-02 0.0333213247358799 0.03332430124282837 2.1979212760925293e-07   
429 4290 0.0005702316304172719 21.654493866916823 0.03332045301795006 3.3320546150207520e-02 0.03332129865884781 0.03334985673427582 2.8438866138458252e-05   
430 4300 0.0005821994476318569 21.92422536346443 0.03332044556736946 3.3320445567369461e-02 0.03332117944955826 0.03332142159342766 1.1548399925231934e-07   
431 4310 0.000599219691135536 22.39257664740535 0.03332044556736946 3.3320546150207520e-02 0.03334919735789299 0.0334230437874794 3.090128302574158e-05   
432 4320 0.0006200015551731051 22.04652318484442 0.03332044556736946 3.3320538699626923e-02 0.03332127630710602 0.03339434042572975 3.0174851417541504e-07   
433 4330 0.0005981161707369281 21.559275503166024 0.03332044556736946 3.3320602029561996e-02 0.03332153707742691 0.03342306241393089 2.9083341360092163e-05   
434 4340 0.0005778979343869666 21.665758807501646 0.03332044184207916 3.3320441842079163e-02 0.03332110494375229 0.033349186182022095 6.891787052154541e-07   
435 4350 0.0005640602927560841 21.337360648839546 0.03332040086388588 3.3320400863885880e-02 0.03332091122865677 0.03335195034742355 1.8440186977386475e-06   
436 4360 0.0005672226655068071 21.121547529674807 0.0333203487098217 3.3320348709821701e-02 0.033320579677820206 0.03332139551639557 5.699694156646729e-07   
437 4370 0.0005843448582765616 21.040231385204343 0.033320337533950806 3.3320337533950806e-02 0.033320583403110504 0.0334227979183197 7.364526391029358e-05   
438 4380 0.0005956662814635122 20.996650847954626 0.033320337533950806 3.3320479094982147e-02 0.033320553600788116 0.033321261405944824 2.1979212760925293e-07   
439 4390 0.0005992453717345016 21.181955505591496 0.033320337533950806 3.3320486545562744e-02 0.03332073986530304 0.03335202485322952 2.428889274597168e-06   
440 4400 0.0005847335573746807 21.457859797425204 0.033320337533950806 3.3320341259241104e-02 0.033320531249046326 0.03334928676486015 1.3783574104309082e-07   
441 4410 0.0005590139134662935 21.66498474216709 0.033320337533950806 3.3320344984531403e-02 0.03332049399614334 0.03335175663232803 1.4528632164001465e-07   
442 4420 0.0005349520890283577 21.642128860786357 0.033320337533950806 3.3320441842079163e-02 0.0333205945789814 0.03334928676486015 4.284083843231201e-07   
443 4430 0.0005230285332070669 21.464542266997054 0.033320337533950806 3.3320348709821701e-02 0.03332056850194931 0.0333213210105896 5.066394805908203e-07   
444 4440 0.0005118512734411176 21.029704495781793 0.033320337533950806 3.3320538699626923e-02 0.03332091495394707 0.0333213210105896 2.1979212760925293e-07   
445 4450 0.0005073240754625775 20.912959592800707 0.033320337533950806 3.3320341259241104e-02 0.033320751041173935 0.03332305699586868 3.0547380447387695e-07   
446 4460 0.0004957169993809547 20.866231053392795 0.033320337533950806 3.3320344984531403e-02 0.033320631831884384 0.03332886844873428 4.5821070671081543e-07   
447 4470 0.0004849333484182148 20.941327424430803 0.033320337533950806 3.3320352435112000e-02 0.03332071006298065 0.03332943469285965 1.043081283569336e-06   
448 4480 0.00046320911881118996 20.790009176039916 0.033320337533950806 3.3320348709821701e-02 0.03332147374749184 0.033329278230667114 8.56444239616394e-06   
449 4490 0.000448696192396457 20.495519088814866 0.033320337533950806 3.3320449292659760e-02 0.03332090750336647 0.033349499106407166 4.507601261138916e-07   
450 4500 0.0004343035060228475 20.633109699780434 0.033320337533950806 3.3320445567369461e-02 0.033320583403110504 0.033320993185043335 2.5331974029541016e-07   
451 4510 0.0004206538536485187 20.519743778657382 0.033320337533950806 3.3320441842079163e-02 0.033320583403110504 0.03332091122865677 2.3469328880310059e-07   
452 4520 0.0003934264814878567 20.400263109897864 0.033320337533950806 3.3320434391498566e-02 0.03332054987549782 0.03332076221704483 8.940696716308594e-08   
453 4530 0.0004007080825344469 20.47557272696902 0.033320337533950806 3.3320441842079163e-02 0.03332054615020752 0.0333205908536911 1.043081283569336e-07   
454 4540 0.0004126745632430736 20.73033190074865 0.033320337533950806 3.3320441842079163e-02 0.033320583403110504 0.0333222895860672 3.650784492492676e-07   
455 4550 0.0004051563604277788 20.62046316432111 0.033320337533950806 3.3320441842079163e-02 0.03332044929265976 0.03332231193780899 1.4156103134155273e-07   
456 4560 0.00039004484853889646 20.67019887693124 0.033320337533950806 3.3320348709821701e-02 0.03332044556736946 0.033320553600788116 7.450580596923828e-09   
457 4570 0.0003830462900925519 20.642784304957644 0.033320337533950806 3.3320441842079163e-02 0.03332049399614334 0.03332081437110901 5.21540641784668e-08   
458 4580 0.00036777804980578144 20.56707209841997 0.033320337533950806 3.3320348709821701e-02 0.03332054615020752 0.033322423696517944 4.544854164123535e-07   
459 4590 0.00035453303469910234 20.689171245285333 0.03332033380866051 3.3320333808660507e-02 0.033320579677820206 0.03332242742180824 1.4156103134155273e-07   
460 4600 0.00035376108894350666 20.712486920189182 0.03332033380866051 3.3320341259241104e-02 0.033320434391498566 0.03332319110631943 7.450580596923828e-09   
461 4610 0.0003565690774953655 20.341689025429734 0.03332033380866051 3.3320341259241104e-02 0.03332044184207916 0.0333205983042717 1.4156103134155273e-07   
462 4620 0.0003577147403638196 20.295847736595235 0.03332033380866051 3.3320344984531403e-02 0.03332044184207916 0.03332299739122391 2.9802322387695312e-08   
463 4630 0.00036530495464555325 20.45560684615514 0.03332033380866051 3.3320341259241104e-02 0.03332045301795006 0.03332091122865677 4.842877388000488e-08   
464 4640 0.00037674275085931955 20.66687751052469 0.03332033380866051 3.3320344984531403e-02 0.03332047909498215 0.033322956413030624 1.4528632164001465e-07   
465 4650 0.00037318063146576404 20.92095296168592 0.03332033380866051 3.3320344984531403e-02 0.03332044929265976 0.033320482820272446 1.0803341865539551e-07   
466 4660 0.00039394856493001794 20.81295068241171 0.03332033380866051 3.3320344984531403e-02 0.033320486545562744 0.0333205983042717 1.4528632164001465e-07   
467 4670 0.00040136740602632527 20.882878156117155 0.03332033380866051 3.3320344984531403e-02 0.033320486545562744 0.03332080692052841 1.043081283569336e-07   
468 4680 0.00039243098830110527 21.250153185552914 0.03332033380866051 3.3320344984531403e-02 0.03332049399614334 0.03332091122865677 1.4156103134155273e-07   
469 4690 0.00038907995670911245 21.314683570498286 0.03332033380866051 3.3320337533950806e-02 0.033320456743240356 0.03332081437110901 1.3783574104309082e-07   
470 4700 0.0004033356187116889 21.578566576304308 0.03332033380866051 3.3320434391498566e-02 0.033320486545562744 0.03332090377807617 1.2293457984924316e-07   
471 4710 0.000411269932902214 22.1373620830507 0.03332033380866051 3.3320341259241104e-02 0.033320553600788116 0.033323004841804504 2.682209014892578e-07   
472 4720 0.0004161877574942105 22.353725927081125 0.03332033380866051 3.3320337533950806e-02 0.03332047909498215 0.03332315757870674 3.0919909477233887e-07   
473 4730 0.00041175282977266804 22.775650683137698 0.03332033380866051 3.3320337533950806e-02 0.0333205983042717 0.03332344815135002 2.1606683731079102e-07   
474 4740 0.0004113044682256921 23.10849357525039 0.03332033380866051 3.3320341259241104e-02 0.03332049027085304 0.033323466777801514 2.682209014892578e-07   
475 4750 0.0004089348879940461 23.091591710928572 0.03332033380866051 3.3320344984531403e-02 0.0333205945789814 0.033320747315883636 1.4901161193847656e-07   
476 4760 0.00039239644990536284 23.244717632040306 0.03332033380866051 3.3320348709821701e-02 0.03332044929265976 0.033320553600788116 4.470348358154297e-08   
477 4770 0.0003904762363485714 23.262254334686574 0.03332033380866051 3.3320348709821701e-02 0.03332049399614334 0.033320650458335876 1.30385160446167e-07   
478 4780 0.00038619788683905495 23.133940539410105 0.03332033380866051 3.3320352435112000e-02 0.033320486545562744 0.033321067690849304 1.341104507446289e-07   
479 4790 0.0003815620207465791 23.218092037239956 0.03332033380866051 3.3320344984531403e-02 0.033320628106594086 0.033320993185043335 4.5821070671081543e-07   
480 4800 0.00037028810496258287 23.016550807144043 0.03332033380866051 3.3320344984531403e-02 0.03332044929265976 0.03332071006298065 2.8312206268310547e-07   
481 4810 0.0003670206928314316 23.03596494763214 0.03332033380866051 3.3320348709821701e-02 0.03332049399614334 0.03332071006298065 5.21540641784668e-08   
482 4820 0.00035335086280700813 23.260655748883394 0.03332033380866051 3.3320344984531403e-02 0.0333205945789814 0.03332085162401199 4.0978193283081055e-07   
483 4830 0.0003404740384785553 23.53017443530698 0.03332033380866051 3.3320344984531403e-02 0.03332045301795006 0.03332090750336647 1.4156103134155273e-07   
484 4840 0.00032023729210460945 23.49252754325226 0.03332033380866051 3.3320344984531403e-02 0.03332044556736946 0.03332054987549782 1.3783574104309082e-07   
485 4850 0.0003114104141191986 23.431764267579535 0.03332033380866051 3.3320337533950806e-02 0.03332044184207916 0.03332070633769035 1.4901161193847656e-07   
486 4860 0.0002986707593719014 23.694776641118857 0.03332033380866051 3.3320337533950806e-02 0.03332047909498215 0.03332078084349632 1.4528632164001465e-07   
487 4870 0.00029164765339939364 24.00974701827022 0.03332033380866051 3.3320337533950806e-02 0.03332044929265976 0.0333208329975605 4.842877388000488e-08   
488 4880 0.00027958117806105103 24.120949376856824 0.03332033380866051 3.3320337533950806e-02 0.03332056850194931 0.033323053270578384 1.8998980522155762e-07   
489 4890 0.00026961798298300927 24.150130806736605 0.03332033380866051 3.3320333808660507e-02 0.03332044184207916 0.03332306444644928 1.4901161193847656e-07   
490 4900 0.00025803818462718055 24.15497221197292 0.03332033380866051 3.3320333808660507e-02 0.03332056850194931 0.03332306072115898 2.6151537895202637e-06   
491 4910 0.00024854319230288395 24.301665370427926 0.03332033380866051 3.3320333808660507e-02 0.03332062065601349 0.03332319110631943 2.6188790798187256e-06   
492 4920 0.00024231274570306536 24.138924752726 0.03332033380866051 3.3320333808660507e-02 0.033320341259241104 0.03332296013832092 1.5273690223693848e-07   
493 4930 0.00024569357941068556 24.009578367472386 0.03332033380866051 3.3320333808660507e-02 0.033320434391498566 0.03332318738102913 1.4901161193847656e-07   
494 4940 0.0002401677959585602 24.428661936791567 0.03332033380866051 3.3320333808660507e-02 0.033320486545562744 0.033323101699352264 2.7567148208618164e-06   
495 4950 0.00022964060541798563 24.674480662905356 0.03332033380866051 3.3320333808660507e-02 0.0333203449845314 0.03332309424877167 2.6226043701171875e-06   
496 4960 0.0002175050913640201 24.71684706569896 0.03332033380866051 3.3320333808660507e-02 0.0333203449845314 0.03332057595252991 1.4156103134155273e-07   
497 4970 0.00020220100234704844 24.93950770714194 0.03332033380866051 3.3320337533950806e-02 0.03332044184207916 0.033323053270578384 2.0116567611694336e-07   
498 4980 0.00019819303942258205 24.625581951976063 0.03332033380866051 3.3320333808660507e-02 0.033320337533950806 0.03332044184207916 3.725290298461914e-09   
499 4990 0.00018511069421100327 24.249450931476993 0.03332033380866051 3.3320333808660507e-02 0.033320434391498566 0.03332071006298065 9.685754776000977e-08   
500 5000 0.00017339230355247108 23.975328490905923 0.03332033380866051 3.3320333808660507e-02 0.033320434391498566 0.033322956413030624 1.341104507446289e-07   
501 5010 0.00015716809068219337 24.064937848463742 0.03332033380866051 3.3320333808660507e-02 0.033320337533950806 0.033320341259241104 3.725290298461914e-09   
502 5020 0.0001528996181365221 24.13871670161568 0.03332033380866051 3.3320333808660507e-02 0.033320341259241104 0.033320434391498566 7.450580596923828e-09   
503 5030 0.00015173630839851858 24.316878569690555 0.03332033380866051 3.3320333808660507e-02 0.03332033380866051 0.033320341259241104 3.725290298461914e-09   
504 5040 0.000154346940249666 24.311396532238877 0.03332033380866051 3.3320333808660507e-02 0.033320337533950806 0.033322956413030624 1.0058283805847168e-07   
505 5050 0.0001448619899626947 24.080340443553812 0.03332033380866051 3.3320333808660507e-02 0.033320341259241104 0.033320486545562744 1.3783574104309082e-07   
506 5060 0.00013217334802394625 24.387316116938734 0.03332033380866051 3.3320333808660507e-02 0.033320337533950806 0.03332056850194931 7.450580596923828e-09   
507 5070 0.00012481988804911937 24.382818433930396 0.03332033380866051 3.3320333808660507e-02 0.03332033380866051 0.03332044184207916 3.725290298461914e-09   
508 5080 0.00012175945818029141 24.59328168445497 0.03332033380866051 3.3320333808660507e-02 0.03332033380866051 0.033320337533950806 3.725290298461914e-09   
509 5090 0.00011267647905337577 24.630360218634888 0.03332033380866051 3.3320333808660507e-02 0.03332033380866051 0.033320337533950806 0.0   
510 5100 0.00010075669261777553 24.019870004739577 0.03332033380866051 3.3320333808660507e-02 0.03332033380866051 0.033320341259241104 0.0   
